# ./mattest --file matrix_1.txt --rows 6 --cols 6 --min 2 --max 17 
# Version = 1.0.3, Revision date = 16-Oct-2019
matrix 7 7
5.32777002516	4.89356122627	12.0299037132	5.67875456784	3.32457630963	7.68596857473	16.68596857463
3.41602761644	9.50497862348	14.7138511642	4.56709483725	4.58694037621	12.56857493023	4.46573645321
5.14563285470	8.48871689639	9.45613289465	3.79605948376	15.47563489334	9.80796758397	4.78695069678
5.32777002516	4.89356122627	12.0299037132	5.67875456784	3.32457630963	2.06958675849	11.57685940302
3.41602761644	9.50497862348	14.7138511642	4.56709483725	4.58694037621	15.79687069686	6.68785968674
5.32777002516	4.89356122627	12.0299037132	5.67875456784	6.24576309633	2.06958675849	11.57685940302
3.41602761644	9.50497862348	14.7138511642	4.56709483725	4.58694037621	12.79687069686	6.68785968674
end